date,individuals,cumsum
2022-02-24,85787,85787
2022-02-25,117267,203054
2022-02-26,146003,349057
2022-02-27,165836,514893
2022-02-28,163038,677931
2022-03-01,166887,844818
2022-03-02,167563,1012381
2022-03-03,165655,1178036
2022-03-04,190475,1368511
2022-03-05,193115,1561626
2022-03-06,208938,1770564
2022-03-07,200897,1971461
2022-03-08,183865,2155326
