date,individuals,cumsum
2022-02-24,85382,85382
2022-02-25,109146,194528
2022-02-26,148852,343380
2022-02-27,168597,511977
2022-02-28,163079,675056
2022-03-01,165793,840849
2022-03-02,169951,1010800
2022-03-03,165249,1176049
2022-03-04,173318,1349367
2022-03-05,195233,1544600
2022-03-06,206876,1751476
2022-03-07,206915,1958391
2022-03-08,185184,2143575
2022-03-09,174618,2318193
2022-03-10,165891,2484084
2022-03-11,151416,2635500
2022-03-12,155842,2791342
