date,individuals,cumsum
2022-02-24,85070,85070
2022-02-25,108671,193741
2022-02-26,148080,341821
2022-02-27,167607,509428
2022-02-28,162079,671507
2022-03-01,164813,836320
2022-03-02,168973,1005293
2022-03-03,164257,1169550
2022-03-04,172254,1341804
2022-03-05,193943,1535747
2022-03-06,205453,1741200
2022-03-07,205500,1946700
2022-03-08,183926,2130626
2022-03-09,173442,2304068
2022-03-10,166009,2470077
2022-03-11,128487,2598564
2022-03-12,133646,2732210
2022-03-13,131691,2863901
